5000 5000
1 6
1 44
1 21
1 9
1 41
3 16
3 7
3 11
3 49
3 31
3 20
3 42
3 40
3 19
3 29
9 15
9 11
18 20
21 8
21 35
21 15
21 23
21 17
21 9
41 21
41 4
41 23
41 2
49 25
49 28
49 39
49 36
49 37
49 18
49 49
49 6
57 46
57 3
57 26
57 20
57 50
59 34
59 37
59 33
59 45
59 24
62 20
62 41
62 9
62 42
62 24
62 25
62 17
62 22
62 11
65 12
65 35
65 30
65 21
65 7
65 26
65 4
65 50
65 27
67 8
67 37
72 32
72 31
72 5
72 47
72 34
72 45
72 34
80 37
80 44
80 2
80 36
81 5
81 18
81 38
81 35
81 29
81 49
81 27
81 22
81 9
87 24
87 32
87 22
88 48
88 22
91 20
91 13
104 14
104 9
104 23
104 43
104 50
104 6
104 32
121 29
121 37
121 26
123 14
123 15
123 27
123 38
123 12
123 33
123 34
123 8
125 47
125 3
125 33
125 19
129 37
129 24
129 23
133 16
133 5
133 34
133 19
133 4
133 38
133 41
133 2
133 19
133 10
134 33
134 7
134 37
134 40
134 47
134 47
134 17
134 13
137 23
137 8
137 44
137 14
137 8
137 13
137 47
137 47
137 40
137 17
142 48
142 19
142 8
142 45
142 38
142 43
142 20
142 48
142 34
142 19
147 10
147 31
147 11
147 34
147 1
147 29
152 3
152 22
152 13
152 29
152 26
154 22
154 20
154 22
154 14
154 48
154 34
154 49
154 30
156 11
156 14
156 25
156 22
156 29
156 16
156 35
156 6
161 5
161 37
161 40
161 46
162 20
166 47
166 7
166 8
166 4
166 35
166 50
166 47
166 19
179 10
179 31
179 30
183 18
183 5
183 27
183 22
192 47
192 13
192 6
192 34
192 33
192 14
200 34
200 7
200 11
200 13
200 45
200 19
200 32
200 2
204 1
204 10
204 49
204 39
204 33
204 6
204 48
204 49
204 4
205 46
205 24
205 9
210 5
218 31
218 36
219 22
219 33
219 50
219 12
219 9
219 3
220 3
220 49
223 24
223 30
223 37
223 16
223 31
223 29
223 45
223 28
224 33
224 9
231 33
231 20
231 40
231 47
231 5
231 16
231 35
231 47
231 9
233 15
233 43
233 21
233 44
233 1
254 29
254 25
254 43
254 36
254 28
254 36
254 9
254 27
254 26
276 17
276 11
276 6
276 10
276 16
285 25
285 28
285 31
287 15
287 42
287 21
288 1
288 18
288 49
288 40
288 2
288 45
288 21
307 46
307 40
307 13
307 24
307 43
320 25
320 21
320 5
322 46
322 9
325 7
325 27
325 3
325 24
325 39
325 30
325 43
325 38
327 23
327 35
327 24
327 31
327 46
327 29
331 8
331 28
331 25
331 35
331 9
331 26
331 25
333 12
333 34
333 42
333 10
333 4
333 20
333 39
333 40
333 49
333 12
335 1
335 46
335 27
335 32
335 42
335 25
335 11
335 2
336 46
336 17
336 30
336 31
336 48
336 20
348 13
348 4
352 42
352 34
360 43
360 20
360 9
360 30
361 2
361 50
361 48
361 14
361 47
361 47
362 42
362 42
362 22
362 9
362 38
362 25
362 12
362 21
362 10
362 50
363 38
363 48
363 38
366 27
366 27
366 37
366 17
369 45
369 31
369 50
369 44
369 15
369 39
369 9
369 33
369 16
370 31
370 36
370 27
371 24
371 8
371 9
371 18
371 23
371 40
373 41
373 15
373 34
376 45
376 8
376 27
383 18
383 29
383 16
383 49
383 8
383 6
383 6
383 13
383 20
383 43
389 30
389 34
389 16
389 28
389 8
389 4
389 11
390 3
390 13
390 12
390 4
390 47
390 4
390 48
393 33
393 1
402 30
405 31
405 32
405 49
405 33
405 15
405 28
405 49
405 30
405 11
405 16
406 17
406 50
406 23
406 20
406 5
406 41
406 7
406 21
406 40
406 26
409 38
409 3
409 12
409 45
409 38
415 13
415 19
415 49
415 26
419 46
419 38
419 38
419 21
419 6
419 15
419 45
419 35
426 2
426 32
426 29
426 19
426 6
426 9
430 32
430 21
430 37
430 8
430 4
430 14
430 17
430 40
430 38
430 12
434 49
434 21
434 22
434 29
434 31
434 26
434 15
435 10
435 2
435 41
435 43
435 49
435 50
439 50
439 15
439 12
439 21
439 1
439 24
439 17
439 12
439 7
441 39
444 6
444 33
444 17
444 37
444 9
444 32
449 6
470 38
470 16
470 26
470 13
476 7
476 44
476 30
476 33
476 28
476 42
476 8
476 38
477 20
477 49
477 31
477 46
490 2
490 43
490 28
490 46
490 44
500 28
500 12
500 37
500 6
500 24
500 49
500 28
513 49
513 30
513 17
513 17
513 3
513 32
520 23
520 38
520 17
520 27
520 27
522 4
522 40
522 47
523 48
523 43
531 15
531 46
531 35
531 28
531 42
531 44
546 31
546 49
546 19
546 21
546 6
546 20
546 47
546 5
549 17
549 17
549 46
549 18
549 7
549 3
549 9
549 13
550 15
591 36
596 45
596 39
596 26
596 21
596 6
596 15
596 35
600 23
600 40
600 43
600 35
600 12
600 32
600 33
600 10
600 3
604 12
604 36
604 36
604 3
604 25
604 23
604 38
604 16
604 32
609 17
609 6
609 7
609 41
609 23
609 8
611 39
616 5
616 13
620 1
620 14
620 34
620 2
620 47
620 13
620 33
620 20
621 24
621 14
625 31
625 13
627 19
627 45
627 15
627 19
627 37
627 34
627 48
647 22
647 3
647 38
647 16
647 23
649 38
649 19
649 12
649 28
649 4
650 49
650 24
650 27
650 23
655 20
655 23
655 41
663 46
665 43
665 21
665 11
665 7
671 16
676 23
676 31
676 8
676 34
676 42
676 14
676 29
676 45
676 41
676 46
677 12
677 6
679 21
680 7
680 32
680 1
680 18
680 48
680 7
680 7
682 49
682 47
682 47
682 5
682 49
682 44
682 17
682 33
688 26
688 50
688 8
707 32
707 50
707 23
707 35
707 25
716 34
716 48
716 11
716 5
716 36
716 49
726 40
726 3
726 29
726 1
726 20
726 18
726 48
731 38
731 38
731 45
731 23
741 12
741 39
741 7
741 18
741 9
741 4
746 20
746 47
746 25
753 16
753 6
753 30
753 2
753 41
753 21
753 10
764 49
767 46
774 10
774 2
775 50
775 7
775 20
775 35
775 39
775 9
775 35
775 35
776 3
776 20
776 19
776 27
776 11
776 2
776 1
776 49
776 18
776 30
800 44
800 20
800 27
800 17
800 47
800 49
800 11
801 11
801 34
801 26
801 21
806 34
806 44
806 14
806 8
806 18
806 10
806 20
806 17
810 20
810 4
810 5
821 1
821 17
821 15
821 9
821 14
821 7
822 35
822 30
822 26
822 31
822 50
822 11
822 34
824 20
837 33
837 13
837 3
837 46
846 45
846 4
846 6
847 48
847 21
847 40
847 29
847 9
847 12
847 15
848 9
848 29
850 32
850 13
850 35
850 44
850 22
858 43
858 36
858 7
858 46
858 5
869 8
869 17
869 43
869 33
869 41
869 48
869 9
869 24
872 3
872 33
872 3
872 37
872 33
872 29
872 11
872 49
877 11
877 1
877 21
877 15
877 4
877 37
877 1
877 36
877 24
877 50
880 6
880 22
880 3
880 13
880 47
881 28
881 35
881 16
881 39
881 31
881 45
881 5
881 33
882 12
882 29
885 47
885 19
885 35
897 5
897 4
900 22
900 47
900 2
900 18
900 12
900 24
900 33
900 29
900 39
900 23
906 37
906 46
906 19
906 24
907 42
914 15
914 27
914 13
914 40
920 1
920 45
920 44
920 43
920 2
920 19
920 10
920 32
929 43
929 17
929 28
929 24
929 33
929 37
929 45
929 33
929 11
929 36
931 29
931 2
936 49
936 13
936 36
936 15
936 43
936 48
936 42
936 16
937 10
937 29
937 1
937 30
937 29
937 7
949 11
949 40
949 1
949 20
949 23
949 42
952 17
952 44
952 9
952 32
976 17
976 9
976 39
976 5
976 35
976 15
976 23
976 37
978 28
978 37
978 39
978 32
978 45
979 27
979 18
979 40
979 43
979 27
979 21
979 16
979 30
979 40
987 39
987 14
987 21
987 4
987 20
987 7
987 34
987 46
987 45
989 35
992 15
992 27
992 11
1009 6
1009 24
1009 36
1010 33
1010 6
1010 24
1010 35
1013 17
1013 35
1013 6
1013 34
1013 17
1019 30
1019 9
1019 11
1019 15
1019 26
1019 9
1019 17
1019 41
1025 44
1025 4
1025 23
1025 1
1025 38
1025 13
1025 26
1025 33
1025 35
1030 43
1030 34
1030 45
1030 19
1030 26
1030 11
1030 12
1030 24
1030 7
1030 6
1031 19
1031 13
1044 36
1044 14
1044 35
1044 47
1044 37
1049 28
1049 22
1049 48
1051 14
1051 6
1051 25
1051 38
1051 30
1051 49
1054 33
1054 9
1055 9
1055 39
1055 35
1055 9
1055 1
1055 47
1055 13
1055 19
1055 24
1057 19
1057 48
1057 48
1063 33
1063 3
1063 27
1063 28
1065 46
1065 50
1065 2
1065 9
1065 12
1065 3
1065 29
1065 6
1065 22
1069 2
1069 28
1069 24
1069 3
1073 50
1073 26
1073 26
1073 4
1073 14
1073 46
1093 14
1093 23
1093 15
1093 9
1093 14
1093 43
1093 19
1102 32
1102 47
1102 41
1102 42
1102 45
1102 30
1102 15
1104 2
1104 36
1104 6
1104 44
1104 25
1111 2
1111 4
1111 50
1111 11
1111 32
1113 13
1113 40
1113 24
1113 21
1113 29
1113 19
1113 40
1113 37
1113 36
1113 15
1114 37
1114 9
1114 12
1114 18
1114 20
1114 38
1114 27
1114 29
1130 31
1130 31
1130 46
1130 7
1130 20
1130 23
1130 40
1138 23
1138 39
1138 44
1143 21
1143 33
1143 45
1143 25
1156 39
1156 3
1156 1
1156 33
1156 18
1156 50
1156 12
1156 25
1164 20
1164 26
1164 50
1164 40
1164 36
1166 29
1166 42
1166 41
1166 8
1166 31
1166 21
1166 29
1166 46
1174 28
1174 49
1174 37
1174 16
1174 10
1174 15
1174 10
1174 47
1174 41
1179 22
1179 16
1182 24
1182 47
1182 44
1182 47
1182 50
1182 6
1182 6
1183 32
1183 41
1183 33
1184 21
1184 17
1184 44
1184 26
1184 3
1184 28
1184 14
1184 40
1184 42
1184 9
1196 3
1200 29
1200 38
1200 5
1200 17
1200 42
1200 22
1200 9
1200 27
1200 40
1200 36
1202 48
1202 46
1202 6
1202 13
1202 4
1202 29
1202 10
1202 41
1202 37
1207 39
1207 31
1207 35
1207 10
1209 13
1209 17
1209 44
1209 22
1209 4
1209 23
1209 6
1209 39
1211 20
1211 49
1211 4
1211 48
1211 6
1211 46
1211 21
1211 35
1215 5
1215 32
1215 24
1215 50
1215 5
1215 29
1215 22
1219 17
1219 41
1219 7
1219 7
1220 18
1220 7
1220 4
1220 25
1220 22
1222 15
1222 12
1222 3
1222 19
1222 1
1222 23
1222 48
1222 30
1222 45
1222 29
1224 36
1224 46
1224 9
1224 47
1239 47
1239 16
1239 35
1239 44
1239 29
1242 14
1242 11
1242 6
1242 20
1242 42
1247 5
1247 50
1247 29
1247 46
1247 16
1247 14
1247 45
1247 21
1255 2
1255 45
1255 20
1255 35
1255 43
1266 14
1266 38
1266 14
1266 42
1275 45
1275 27
1275 49
1275 25
1276 32
1276 13
1276 33
1276 14
1276 5
1276 8
1276 20
1276 41
1276 38
1276 40
1281 23
1281 41
1281 4
1281 25
1281 21
1281 6
1281 37
1285 18
1285 37
1285 50
1285 27
1294 28
1294 11
1294 28
1294 8
1306 15
1306 36
1306 34
1306 42
1309 39
1318 15
1318 45
1318 15
1318 25
1318 30
1319 40
1319 45
1319 31
1319 40
1319 9
1319 44
1319 38
1322 1
1322 39
1322 49
1322 43
1323 29
1323 2
1323 13
1323 25
1323 44
1327 2
1327 49
1327 10
1327 30
1327 15
1327 6
1327 45
1327 7
1327 50
1328 19
1328 48
1328 3
1329 15
1331 45
1331 28
1331 27
1331 18
1331 2
1331 50
1331 44
1332 42
1332 11
1332 44
1332 18
1332 21
1332 27
1344 33
1344 28
1357 2
1357 27
1357 28
1357 5
1357 23
1357 47
1357 14
1357 29
1357 5
1358 33
1361 40
1361 15
1361 39
1361 36
1382 26
1389 20
1389 19
1389 21
1389 1
1389 8
1391 5
1391 9
1391 10
1391 44
1391 44
1391 4
1391 50
1391 20
1391 9
1391 35
1395 39
1395 16
1395 48
1395 37
1395 50
1395 45
1395 45
1400 32
1400 43
1425 21
1425 5
1425 2
1430 1
1430 15
1430 17
1430 7
1430 24
1430 44
1431 8
1432 12
1432 6
1432 11
1432 10
1432 16
1432 15
1432 35
1432 19
1432 34
1432 45
1436 35
1436 32
1436 34
1436 28
1436 49
1438 47
1438 3
1438 6
1440 30
1440 33
1440 41
1440 10
1440 46
1440 26
1440 44
1454 22
1454 41
1454 13
1454 24
1454 41
1454 4
1454 24
1454 44
1458 48
1458 37
1458 47
1458 28
1458 9
1458 19
1458 18
1462 23
1462 10
1462 13
1462 28
1462 21
1462 25
1467 31
1467 15
1467 21
1467 12
1467 3
1467 40
1467 34
1471 29
1471 6
1476 48
1476 16
1476 2
1476 40
1476 45
1476 5
1476 29
1476 6
1481 17
1481 37
1481 18
1481 13
1481 15
1481 18
1485 41
1485 29
1485 13
1485 17
1485 45
1485 6
1485 11
1485 43
1485 18
1485 28
1490 4
1490 50
1490 4
1490 40
1490 32
1494 16
1495 46
1495 49
1508 15
1508 3
1508 16
1508 4
1508 47
1508 49
1508 13
1512 6
1512 47
1512 50
1512 36
1516 36
1516 6
1516 49
1516 18
1516 15
1516 23
1525 48
1525 33
1525 11
1525 36
1525 22
1525 41
1529 24
1529 49
1529 37
1529 5
1529 3
1536 12
1541 40
1541 47
1541 40
1543 29
1543 20
1543 50
1543 25
1543 36
1543 9
1546 34
1546 13
1546 37
1546 41
1552 32
1552 20
1552 46
1552 21
1552 12
1552 42
1552 45
1552 17
1552 7
1557 2
1557 32
1557 11
1557 50
1557 5
1557 3
1558 32
1560 34
1560 13
1560 17
1560 11
1565 46
1566 21
1566 35
1566 37
1566 21
1566 12
1566 37
1566 22
1567 30
1567 38
1567 41
1567 3
1567 10
1567 26
1567 18
1568 44
1568 41
1568 40
1568 47
1568 7
1568 43
1568 32
1568 24
1568 3
1568 36
1569 47
1569 12
1569 9
1569 21
1569 19
1572 17
1573 24
1573 49
1573 9
1573 23
1573 44
1573 8
1573 15
1573 19
1573 5
1573 31
1575 10
1575 39
1575 16
1575 47
1575 11
1575 30
1575 17
1584 38
1584 42
1584 20
1584 33
1584 34
1584 15
1586 28
1586 20
1586 24
1586 17
1586 17
1586 20
1586 8
1586 32
1589 29
1589 47
1589 27
1589 48
1589 20
1589 45
1589 9
1591 45
1591 37
1591 6
1591 44
1591 37
1591 3
1591 11
1591 6
1592 45
1592 26
1592 41
1592 42
1592 34
1592 23
1592 44
1592 46
1592 39
1592 24
1597 40
1597 27
1597 6
1597 5
1597 25
1609 34
1609 14
1609 36
1609 29
1610 35
1610 1
1610 4
1610 13
1614 27
1614 14
1614 14
1614 9
1614 32
1614 50
1614 40
1624 45
1624 44
1624 6
1624 22
1624 50
1625 7
1625 3
1625 30
1626 22
1626 13
1626 8
1626 36
1626 15
1630 37
1630 27
1630 43
1630 1
1630 37
1640 49
1640 38
1640 48
1640 50
1640 1
1640 38
1642 40
1642 15
1642 35
1642 22
1642 1
1642 49
1642 6
1642 25
1644 49
1644 8
1659 48
1659 34
1659 24
1659 9
1659 23
1659 24
1659 28
1659 32
1659 27
1668 6
1668 38
1668 9
1668 40
1668 7
1668 36
1668 8
1668 3
1668 32
1668 11
1676 1
1676 8
1676 19
1676 47
1677 11
1677 40
1677 13
1677 48
1688 35
1688 49
1688 19
1688 1
1699 23
1699 47
1699 9
1699 38
1719 13
1719 7
1719 33
1719 25
1720 35
1720 17
1720 3
1720 31
1720 50
1720 3
1720 3
1720 11
1720 21
1720 32
1731 25
1731 30
1731 20
1731 19
1738 37
1738 17
1738 31
1738 41
1738 11
1738 49
1738 8
1738 10
1738 17
1740 11
1740 8
1740 8
1740 38
1740 3
1740 20
1747 45
1747 12
1747 7
1747 30
1747 21
1747 13
1749 32
1749 14
1749 49
1749 8
1749 11
1749 21
1765 21
1765 38
1768 32
1769 42
1769 10
1769 38
1769 7
1769 27
1769 25
1769 25
1769 15
1769 18
1769 48
1778 8
1778 2
1790 3
1790 3
1790 15
1790 24
1790 26
1790 41
1791 2
1791 22
1791 5
1791 28
1791 16
1791 39
1791 17
1791 1
1794 43
1794 50
1794 6
1794 45
1794 26
1794 9
1794 23
1794 17
1794 47
1794 50
1799 2
1799 5
1799 46
1799 27
1799 18
1799 15
1799 3
1799 44
1803 5
1803 28
1803 44
1803 30
1803 1
1807 20
1807 40
1807 24
1807 20
1807 21
1819 33
1819 18
1821 23
1821 46
1821 23
1821 12
1821 49
1822 14
1823 25
1823 46
1823 50
1823 19
1823 38
1823 30
1823 25
1823 4
1828 37
1828 16
1829 22
1829 22
1829 10
1834 46
1834 18
1834 38
1834 16
1834 26
1844 26
1844 21
1844 50
1844 4
1844 36
1844 13
1844 16
1844 9
1844 22
1844 44
1848 32
1848 4
1848 33
1848 48
1848 8
1848 21
1848 31
1848 17
1848 21
1855 26
1855 35
1855 41
1855 8
1855 12
1855 50
1867 44
1867 37
1867 45
1867 33
1867 46
1867 11
1867 4
1867 29
1867 47
1867 18
1871 6
1871 49
1871 41
1890 28
1897 5
1897 15
1897 3
1898 35
1898 10
1898 20
1898 4
1898 13
1898 47
1898 29
1899 12
1899 25
1900 33
1900 26
1900 38
1900 8
1900 1
1900 27
1900 32
1900 27
1902 26
1902 33
1902 30
1902 18
1902 1
1902 5
1902 42
1902 26
1902 23
1902 41
1909 3
1909 14
1909 17
1909 27
1909 8
1909 46
1909 27
1909 26
1913 33
1913 38
1913 19
1913 38
1913 21
1916 27
1916 38
1916 43
1916 14
1916 30
1916 50
1923 1
1923 21
1928 6
1928 29
1928 46
1928 30
1931 3
1931 13
1931 23
1931 15
1931 41
1931 37
1931 6
1931 49
1932 9
1932 2
1932 32
1932 14
1932 14
1932 18
1932 32
1932 33
1932 14
1945 8
1945 44
1950 31
1956 6
1956 34
1956 22
1956 35
1956 44
1956 42
1956 46
1959 8
1959 26
1959 50
1959 11
1962 39
1962 6
1962 47
1975 40
1975 23
1975 49
1975 36
1975 34
1975 40
1986 25
1986 38
1986 46
1986 12
1986 41
1986 4
1986 49
1992 44
1992 4
1996 28
1996 20
1996 43
1996 21
1996 50
1996 38
1996 1
1996 10
2002 17
2002 10
2014 16
2014 41
2014 18
2014 40
2014 26
2014 17
2014 15
2014 32
2014 7
2025 4
2025 19
2025 24
2025 15
2025 2
2025 8
2025 38
2025 17
2025 19
2026 34
2028 42
2028 5
2028 31
2028 14
2028 26
2028 15
2028 1
2028 27
2028 46
2028 16
2036 27
2036 9
2043 45
2043 39
2043 30
2043 10
2043 41
2043 17
2043 6
2043 7
2043 12
2054 27
2054 36
2057 21
2057 35
2057 27
2057 22
2057 48
2057 13
2057 44
2057 29
2057 38
2060 28
2060 45
2060 33
2060 12
2060 24
2060 3
2060 27
2060 48
2061 44
2061 32
2061 47
2061 36
2061 5
2063 15
2063 44
2063 33
2063 9
2063 17
2063 25
2063 33
2063 1
2063 18
2063 6
2069 13
2069 42
2069 40
2069 48
2069 9
2069 16
2069 13
2069 3
2069 39
2070 14
2070 42
2070 44
2070 34
2070 22
2070 34
2070 43
2070 22
2072 21
2072 18
2072 21
2072 17
2075 43
2075 27
2079 17
2089 6
2089 5
2089 44
2089 28
2089 49
2089 2
2089 13
2089 50
2091 44
2091 45
2091 15
2091 41
2091 17
2091 35
2091 1
2093 20
2093 48
2093 26
2093 47
2093 6
2093 6
2093 13
2093 5
2093 38
2097 10
2097 17
2097 26
2097 40
2107 39
2107 42
2107 34
2107 14
2107 16
2110 33
2110 37
2110 24
2110 47
2110 7
2110 28
2112 26
2112 23
2112 49
2115 49
2115 46
2115 25
2115 23
2115 50
2115 25
2117 33
2117 20
2117 32
2117 9
2117 40
2117 16
2117 32
2117 46
2117 14
2117 33
2122 9
2122 27
2125 22
2126 36
2126 40
2126 47
2126 40
2126 5
2126 25
2126 31
2126 24
2126 9
2126 1
2128 32
2128 37
2128 50
2128 5
2128 37
2129 3
2129 5
2129 10
2129 10
2129 16
2129 48
2129 14
2129 30
2129 24
2134 39
2138 18
2138 49
2138 27
2138 14
2138 44
2138 49
2138 8
2138 23
2141 27
2141 8
2141 12
2141 1
2141 46
2141 26
2141 44
2141 4
2141 14
2150 32
2150 31
2150 7
2150 26
2150 31
2150 12
2150 37
2155 21
2155 47
2160 48
2160 49
2160 24
2169 11
2169 38
2169 43
2169 23
2169 37
2169 8
2169 26
2169 23
2169 11
2169 37
2179 2
2179 11
2186 33
2186 41
2186 40
2208 46
2208 12
2208 40
2208 15
2208 11
2208 3
2208 7
2208 5
2217 19
2222 10
2222 9
2222 8
2222 9
2222 10
2222 3
2224 11
2224 5
2224 15
2224 1
2224 28
2224 36
2224 22
2224 11
2227 45
2227 46
2227 40
2233 17
2233 32
2233 12
2237 6
2237 18
2237 46
2239 37
2239 36
2239 20
2239 49
2239 41
2239 21
2247 9
2247 2
2247 6
2247 8
2247 15
2247 23
2247 28
2247 12
2248 43
2248 7
2255 9
2255 44
2255 41
2255 14
2255 43
2258 26
2258 25
2258 42
2258 36
2260 7
2260 11
2260 16
2260 42
2260 27
2260 30
2260 18
2260 41
2260 2
2261 10
2261 8
2261 9
2261 44
2261 26
2261 32
2261 46
2265 20
2265 9
2265 24
2265 30
2265 44
2265 49
2265 25
2270 24
2270 29
2270 3
2270 20
2270 38
2274 14
2291 38
2291 3
2291 17
2291 21
2291 4
2297 12
2297 49
2301 29
2301 39
2301 37
2301 16
2301 12
2312 20
2332 28
2332 1
2332 14
2332 27
2333 28
2335 39
2335 14
2335 9
2335 5
2335 3
2335 37
2335 41
2335 8
2335 4
2343 10
2343 1
2343 17
2343 12
2343 19
2343 18
2343 25
2343 21
2343 23
2343 14
2345 20
2345 2
2345 12
2347 7
2347 22
2347 2
2347 22
2347 14
2347 35
2347 10
2347 29
2350 2
2350 13
2350 9
2353 9
2353 32
2353 16
2353 49
2353 32
2353 48
2353 25
2353 41
2353 40
2354 17
2354 4
2354 11
2354 8
2354 46
2360 27
2360 7
2360 46
2360 45
2360 31
2360 17
2369 34
2369 18
2369 30
2369 35
2369 5
2388 46
2388 4
2388 44
2388 20
2388 28
2388 7
2388 6
2388 9
2389 4
2389 28
2389 36
2389 16
2389 38
2389 29
2389 21
2389 16
2389 23
2389 34
2391 44
2395 31
2395 24
2395 43
2395 31
2395 13
2395 5
2395 41
2395 35
2395 36
2395 46
2403 29
2403 31
2403 12
2403 38
2403 19
2403 4
2403 16
2403 38
2403 23
2404 34
2404 44
2404 20
2404 18
2404 36
2404 9
2404 14
2404 43
2411 14
2411 35
2411 12
2411 18
2411 3
2411 14
2411 44
2411 20
2416 15
2416 46
2420 1
2420 31
2420 40
2420 15
2420 40
2420 27
2420 1
2420 48
2420 24
2420 3
2426 30
2426 25
2426 34
2426 27
2426 35
2426 15
2426 2
2458 45
2458 48
2458 31
2458 17
2458 45
2458 13
2465 39
2465 48
2465 3
2465 21
2465 7
2465 13
2465 7
2465 23
2470 41
2470 30
2470 32
2470 8
2470 13
2480 4
2480 14
2486 3
2486 16
2486 50
2490 5
2490 16
2490 8
2493 40
2493 9
2493 7
2493 41
2493 24
2493 50
2493 42
2494 2
2494 49
2496 6
2496 4
2496 45
2497 50
2497 12
2497 28
2497 17
2497 3
2497 48
2497 49
2502 24
2502 21
2502 15
2502 36
2502 40
2502 27
2502 38
2502 32
2506 35
2506 46
2506 50
2506 28
2506 5
2506 27
2517 24
2517 21
2517 34
2517 43
2517 10
2517 3
2517 15
2517 43
2517 20
2517 7
2518 39
2518 49
2518 3
2518 3
2518 43
2518 8
2518 8
2518 26
2533 27
2533 47
2533 9
2533 32
2533 43
2533 23
2533 11
2533 7
2533 24
2539 41
2539 33
2539 10
2539 7
2539 49
2539 49
2539 20
2549 34
2549 8
2549 34
2555 10
2558 40
2558 46
2558 15
2558 20
2558 29
2558 36
2558 37
2558 34
2558 41
2558 36
2560 18
2560 3
2560 10
2560 47
2560 30
2560 4
2569 8
2569 10
2569 33
2569 19
2569 4
2569 24
2569 15
2569 6
2569 25
2582 7
2582 13
2582 8
2582 33
2582 24
2584 12
2584 14
2584 37
2584 17
2584 10
2584 35
2584 1
2584 3
2587 10
2587 39
2587 41
2587 35
2587 5
2587 5
2591 41
2591 39
2591 24
2591 33
2591 36
2591 44
2591 12
2591 28
2591 10
2598 21
2598 8
2598 47
2598 6
2601 2
2601 40
2601 23
2601 8
2601 8
2601 8
2601 49
2601 3
2607 26
2607 7
2607 48
2607 33
2607 23
2607 45
2607 2
2607 21
2607 4
2614 13
2614 31
2614 22
2624 15
2624 9
2624 7
2624 31
2624 19
2624 1
2624 5
2624 11
2634 44
2634 40
2634 26
2634 32
2634 33
2634 19
2634 16
2634 48
2634 1
2634 47
2635 20
2635 19
2635 23
2635 48
2635 8
2635 16
2635 40
2639 47
2639 7
2639 43
2639 16
2639 18
2639 26
2639 25
2647 24
2647 12
2654 16
2654 9
2654 48
2654 29
2654 27
2654 40
2654 28
2654 5
2655 21
2655 49
2655 38
2655 16
2658 44
2658 42
2658 30
2658 46
2660 13
2660 2
2660 48
2660 24
2660 49
2660 48
2669 4
2669 16
2669 42
2669 35
2673 11
2673 6
2673 47
2673 9
2673 29
2673 50
2673 50
2673 42
2673 9
2673 22
2675 46
2675 22
2680 10
2680 29
2680 36
2680 3
2680 17
2680 49
2680 17
2680 45
2680 38
2693 20
2693 15
2693 30
2693 20
2696 39
2696 15
2696 23
2696 8
2696 40
2696 10
2719 26
2719 5
2719 47
2719 11
2719 24
2719 7
2723 10
2723 14
2723 18
2723 4
2723 30
2723 36
2723 38
2723 6
2748 32
2748 50
2748 46
2748 11
2748 23
2748 45
2755 21
2755 46
2758 22
2758 45
2758 5
2758 16
2762 7
2762 35
2762 8
2762 31
2762 37
2776 24
2796 32
2796 9
2796 38
2796 21
2796 21
2803 45
2803 16
2803 10
2803 49
2803 1
2803 15
2803 42
2803 7
2803 4
2807 14
2807 49
2808 8
2808 48
2808 49
2808 30
2808 13
2808 5
2808 20
2809 35
2809 7
2809 47
2809 5
2809 31
2809 39
2816 15
2816 27
2816 41
2816 3
2816 40
2826 50
2826 28
2826 38
2826 6
2826 10
2826 44
2826 1
2826 34
2829 26
2829 12
2829 24
2829 23
2832 41
2832 35
2832 37
2832 1
2832 3
2832 26
2832 6
2832 50
2832 19
2833 32
2833 9
2833 43
2833 40
2833 39
2833 31
2833 25
2833 19
2833 12
2833 47
2835 12
2835 24
2835 43
2835 46
2835 21
2835 34
2835 11
2835 9
2837 46
2838 31
2838 26
2838 2
2838 21
2838 35
2838 17
2838 28
2838 17
2838 40
2841 14
2841 1
2841 23
2841 12
2845 46
2845 14
2845 33
2845 29
2845 10
2845 25
2845 17
2845 28
2845 34
2845 46
2848 1
2848 45
2848 20
2859 18
2859 20
2859 29
2859 23
2859 31
2859 33
2872 45
2875 23
2875 17
2875 31
2896 18
2896 30
2897 16
2897 49
2897 36
2897 34
2897 48
2897 30
2897 44
2901 19
2901 21
2901 33
2906 40
2906 33
2906 26
2906 7
2906 31
2906 38
2906 27
2912 42
2912 44
2912 26
2916 13
2916 30
2922 47
2922 39
2922 14
2932 24
2932 22
2932 23
2932 40
2932 9
2932 35
2932 12
2939 18
2939 22
2939 18
2939 4
2939 11
2939 1
2939 33
2939 25
2943 25
2943 7
2943 4
2943 22
2943 8
2943 15
2943 7
2943 34
2943 31
2944 47
2944 19
2944 9
2944 17
2944 30
2944 48
2944 14
2944 9
2946 3
2946 24
2946 14
2950 22
2950 31
2950 47
2950 47
2950 4
2950 25
2950 39
2950 26
2950 30
2950 12
2952 6
2952 23
2952 47
2952 13
2955 11
2958 13
2958 17
2958 30
2958 49
2958 15
2958 8
2958 48
2958 7
2958 46
2958 8
2961 42
2961 12
2961 38
2961 6
2961 12
2961 26
2965 46
2965 1
2965 49
2965 15
2965 3
2965 20
2965 14
2965 17
2971 8
2973 21
2973 5
2973 43
2973 13
2977 45
2977 49
2977 29
2977 32
2977 7
2977 8
2977 48
2977 18
2988 45
2988 40
2988 1
2988 46
2988 36
2988 34
2992 38
2992 36
2996 18
3000 31
3000 26
3000 21
3000 42
3000 25
3000 49
3002 20
3002 26
3002 47
3002 37
3002 23
3002 47
3002 2
3002 18
3002 50
3006 23
3006 2
3006 9
3006 35
3006 38
3006 48
3006 14
3006 33
3006 27
3020 42
3020 37
3020 50
3020 27
3020 33
3020 42
3021 8
3021 24
3021 1
3021 39
3021 45
3021 34
3021 47
3022 12
3022 50
3022 40
3023 26
3023 23
3023 4
3023 2
3023 42
3023 31
3023 38
3023 22
3023 1
3039 14
3039 36
3039 34
3039 17
3039 14
3040 11
3040 4
3040 13
3040 44
3040 21
3040 19
3040 21
3040 29
3040 32
3040 21
3052 41
3052 27
3052 18
3052 17
3057 47
3057 29
3057 40
3057 25
3057 23
3057 7
3057 13
3057 9
3057 5
3061 46
3061 20
3061 8
3061 1
3061 46
3061 45
3065 47
3065 27
3065 8
3065 14
3066 20
3066 33
3066 36
3066 8
3066 10
3066 46
3066 38
3066 14
3066 38
3068 5
3068 7
3068 15
3068 33
3068 38
3068 37
3068 35
3068 34
3068 44
3068 26
3072 35
3072 44
3072 45
3072 19
3072 13
3072 28
3072 9
3087 18
3087 27
3087 11
3087 6
3087 17
3087 33
3087 4
3089 47
3089 46
3089 45
3089 1
3089 27
3089 26
3089 28
3089 9
3089 11
3089 11
3091 15
3091 1
3091 14
3091 47
3091 16
3091 48
3091 7
3091 43
3091 32
3091 21
3092 22
3092 40
3092 49
3092 1
3092 50
3092 46
3100 24
3100 27
3100 4
3100 6
3100 7
3100 3
3100 23
3100 42
3109 34
3109 42
3109 13
3109 50
3110 21
3110 2
3110 34
3114 34
3114 20
3114 26
3114 40
3114 31
3114 21
3114 4
3114 14
3114 16
3114 40
3118 7
3118 31
3118 20
3118 14
3118 8
3119 18
3119 6
3119 8
3119 9
3119 4
3119 7
3120 40
3120 46
3121 40
3121 24
3121 2
3125 35
3125 22
3125 14
3125 49
3125 18
3125 48
3125 21
3125 17
3125 50
3129 2
3129 40
3129 30
3129 31
3129 10
3136 36
3136 24
3136 35
3136 27
3144 26
3144 22
3144 11
3144 37
3144 8
3144 43
3144 24
3144 17
3144 40
3151 24
3151 29
3151 28
3164 38
3164 22
3170 44
3170 30
3170 49
3170 22
3170 3
3170 21
3170 16
3171 7
3171 3
3171 28
3171 33
3171 13
3171 12
3171 26
3171 45
3177 12
3177 41
3177 17
3177 24
3177 4
3178 13
3178 7
3178 26
3178 18
3178 36
3178 45
3178 25
3178 35
3178 9
3192 40
3192 27
3192 34
3193 38
3193 4
3193 42
3193 49
3198 25
3198 25
3198 11
3198 5
3203 32
3203 3
3203 7
3203 49
3203 7
3203 33
3203 15
3209 1
3212 30
3212 41
3212 23
3212 44
3212 30
3212 41
3225 9
3225 36
3225 20
3225 27
3225 9
3225 35
3225 34
3225 44
3225 5
3248 15
3248 14
3248 39
3248 48
3248 1
3248 28
3248 18
3249 20
3249 27
3252 44
3252 46
3252 4
3252 30
3252 17
3252 41
3252 49
3252 21
3252 20
3252 18
3253 46
3253 50
3253 2
3253 36
3253 41
3253 39
3253 8
3253 12
3253 37
3257 20
3257 27
3257 48
3257 26
3257 6
3257 12
3257 3
3257 46
3257 44
3257 14
3265 43
3265 27
3265 10
3276 23
3278 7
3278 5
3278 31
3278 3
3278 45
3278 10
3278 7
3278 10
3278 13
3282 33
3282 13
3282 10
3283 37
3283 47
3283 28
3283 50
3290 8
3298 24
3298 41
3298 18
3298 25
3298 41
3300 33
3301 36
3301 20
3301 4
3301 19
3301 4
3301 27
3313 38
3313 4
3317 5
3317 11
3317 15
3317 18
3327 41
3327 28
3327 6
3338 26
3338 44
3338 11
3338 17
3338 1
3338 35
3338 1
3338 9
3347 8
3347 11
3347 8
3348 18
3348 24
3348 43
3348 15
3348 33
3348 50
3348 29
3350 11
3350 38
3350 5
3350 11
3350 8
3350 1
3350 38
3353 42
3353 18
3353 50
3366 1
3378 1
3380 7
3380 5
3380 23
3382 50
3382 39
3382 11
3382 37
3382 8
3382 3
3382 29
3382 32
3384 20
3384 1
3384 50
3384 40
3384 23
3384 33
3396 43
3396 11
3396 25
3396 18
3396 18
3397 2
3408 32
3408 19
3408 40
3408 32
3408 42
3408 3
3408 46
3408 32
3408 30
3414 30
3414 1
3414 36
3414 24
3414 47
3414 39
3414 16
3430 31
3435 41
3435 35
3435 1
3435 17
3435 25
3435 19
3435 10
3443 22
3443 12
3443 4
3443 21
3443 14
3443 42
3443 50
3443 25
3443 35
3456 30
3456 9
3460 10
3460 8
3460 48
3460 15
3460 41
3460 44
3460 49
3469 34
3469 23
3469 22
3469 43
3469 12
3469 9
3469 22
3469 48
3469 4
3474 7
3474 48
3474 48
3474 10
3474 6
3474 33
3474 43
3475 35
3475 26
3475 26
3476 30
3476 9
3476 4
3476 37
3476 36
3477 17
3477 39
3477 43
3477 6
3477 38
3477 1
3477 49
3477 17
3478 48
3478 31
3478 28
3478 15
3478 48
3478 25
3478 4
3478 22
3478 27
3478 16
3490 22
3490 23
3490 8
3490 48
3490 17
3490 45
3503 5
3503 50
3503 39
3503 24
3503 36
3503 39
3503 43
3505 22
3505 29
3505 38
3505 34
3505 50
3505 3
3505 8
3505 17
3505 23
3510 41
3510 23
3521 16
3521 12
3521 45
3521 14
3521 9
3521 41
3521 20
3528 28
3528 4
3528 10
3528 34
3528 14
3528 31
3528 24
3533 29
3533 29
3533 23
3538 48
3538 35
3538 40
3538 49
3538 9
3538 6
3538 39
3539 49
3539 20
3539 22
3539 15
3540 44
3540 19
3540 9
3540 45
3540 18
3540 28
3543 5
3543 17
3543 27
3543 27
3543 38
3543 12
3543 17
3544 26
3544 41
3544 4
3544 11
3544 31
3544 25
3544 8
3544 17
3544 12
3545 6
3545 49
3545 11
3545 5
3545 11
3545 8
3545 8
3545 50
3545 30
3546 31
3546 25
3546 29
3546 22
3546 41
3546 21
3546 32
3546 1
3546 24
3558 11
3558 12
3558 35
3561 2
3561 5
3561 49
3561 50
3561 1
3561 10
3561 24
3568 48
3568 23
3568 49
3569 3
3569 45
3569 13
3569 44
3569 9
3569 18
3569 8
3569 9
3569 15
3572 23
3572 22
3572 11
3572 39
3572 17
3572 24
3572 24
3576 49
3576 33
3576 42
3576 1
3576 1
3576 19
3583 29
3583 7
3584 36
3584 15
3584 8
3584 17
3584 21
3584 43
3584 22
3584 21
3584 18
3584 49
3589 8
3589 5
3589 6
3589 26
3589 22
3589 34
3589 36
3600 34
3610 47
3610 7
3618 42
3618 40
3618 26
3618 46
3618 24
3618 19
3618 14
3618 24
3618 18
3618 25
3626 30
3626 4
3626 8
3626 18
3626 43
3626 7
3631 16
3631 45
3648 11
3648 34
3648 44
3648 29
3648 22
3651 27
3651 13
3651 10
3653 42
3653 43
3653 14
3660 28
3660 42
3660 4
3660 12
3662 39
3662 31
3662 34
3662 49
3674 17
3674 50
3674 49
3674 50
3674 43
3674 10
3674 38
3675 14
3675 16
3675 33
3675 42
3675 47
3683 35
3683 8
3683 5
3683 13
3683 34
3683 5
3683 26
3683 22
3683 11
3689 18
3689 7
3689 16
3690 10
3690 25
3690 14
3690 9
3690 36
3690 43
3690 25
3693 45
3693 43
3693 12
3693 9
3693 27
3703 47
3703 1
3703 28
3703 39
3703 2
3703 43
3703 15
3703 19
3703 37
3716 26
3716 8
3716 45
3716 19
3721 3
3721 36
3721 21
3721 25
3721 45
3721 24
3721 2
3721 14
3721 13
3725 22
3725 6
3725 23
3732 40
3732 49
3732 35
3732 16
3732 17
3732 14
3732 7
3748 6
3748 48
3748 1
3753 38
3753 3
3757 13
3757 19
3757 45
3757 27
3757 32
3757 11
3757 48
3757 18
3757 27
3763 30
3763 28
3763 3
3763 14
3763 6
3763 34
3763 22
3782 40
3782 27
3782 12
3782 6
3782 23
3782 42
3782 17
3783 42
3783 19
3786 26
3786 50
3786 31
3786 13
3786 22
3786 46
3786 11
3787 1
3787 29
3787 24
3787 26
3787 8
3787 45
3799 9
3799 6
3801 1
3801 27
3801 21
3801 40
3801 27
3801 36
3801 22
3801 34
3801 41
3804 35
3804 48
3804 40
3804 36
3804 50
3804 45
3804 45
3804 29
3821 12
3821 38
3821 26
3821 42
3821 22
3821 12
3821 9
3821 18
3822 39
3822 43
3829 23
3829 8
3829 6
3829 33
3830 34
3830 31
3830 48
3830 32
3830 23
3830 18
3830 49
3830 11
3843 39
3843 5
3843 29
3843 23
3843 48
3843 47
3843 36
3843 9
3843 36
3844 6
3844 20
3844 16
3844 2
3844 23
3844 32
3844 24
3851 18
3851 33
3851 24
3851 29
3851 34
3851 18
3855 25
3855 38
3855 28
3855 29
3856 19
3856 23
3856 4
3856 50
3856 13
3856 5
3856 15
3856 11
3856 7
3856 22
3857 41
3857 13
3857 38
3857 22
3857 11
3857 43
3857 13
3857 43
3857 38
3857 49
3859 46
3859 44
3862 19
3862 10
3870 48
3870 42
3870 49
3870 39
3870 16
3883 27
3883 18
3883 38
3883 1
3883 18
3884 5
3884 40
3884 50
3884 39
3884 19
3884 47
3884 16
3884 22
3884 48
3884 50
3889 18
3889 25
3889 19
3889 13
3889 28
3898 2
3898 13
3898 10
3898 12
3898 37
3898 27
3898 20
3903 31
3903 7
3903 20
3903 40
3903 45
3903 41
3903 10
3905 45
3913 21
3913 26
3913 26
3915 6
3915 42
3915 38
3916 34
3916 10
3923 41
3923 27
3923 30
3923 44
3923 18
3926 48
3926 15
3926 39
3927 5
3927 49
3930 3
3930 35
3930 34
3930 8
3930 12
3930 20
3930 41
3935 20
3935 17
3935 2
3935 13
3935 7
3935 17
3935 2
3935 36
3940 32
3940 45
3940 35
3940 29
3940 21
3940 31
3940 32
3940 19
3940 50
3942 22
3942 16
3942 46
3942 41
3943 23
3943 44
3943 41
3943 12
3943 1
3944 4
3944 45
3944 35
3954 13
3954 16
3954 24
3954 42
3954 50
3954 17
3954 26
3954 8
3954 48
3954 9
3957 15
3957 7
3957 24
3957 15
3957 28
3958 43
3958 9
3958 16
3958 35
3958 25
3958 30
3958 39
3958 39
3960 10
3960 23
3960 14
3960 49
3960 36
3960 16
3960 38
3960 19
3978 45
3978 41
3978 10
3978 13
3978 34
3978 47
3978 41
3978 2
3978 13
3978 3
3988 31
3988 16
3988 45
3988 50
3988 29
3988 26
3988 39
3988 6
3993 32
3997 8
3997 3
3997 46
3997 6
4001 10
4001 17
4001 26
4001 35
4001 50
4001 5
4001 27
4001 24
4001 42
4001 37
4007 1
4007 46
4007 11
4007 3
4007 50
4007 7
4019 19
4027 37
4027 22
4027 42
4027 6
4027 32
4027 43
4037 36
4037 32
4043 6
4044 4
4044 7
4044 25
4044 32
4044 14
4044 8
4044 49
4044 3
4050 3
4050 49
4050 34
4050 16
4053 26
4053 25
4053 21
4053 15
4053 44
4053 1
4055 7
4057 17
4057 10
4057 27
4063 16
4063 8
4063 15
4063 13
4063 41
4063 2
4063 2
4063 3
4063 12
4063 30
4070 10
4070 48
4071 8
4071 49
4071 31
4071 13
4072 28
4072 11
4072 48
4072 34
4074 45
4074 1
4074 10
4075 12
4075 1
4075 40
4081 50
4084 31
4084 14
4084 6
4084 40
4084 26
4084 3
4090 1
4090 5
4090 19
4090 31
4090 28
4090 30
4090 2
4099 44
4099 7
4099 50
4099 50
4099 47
4103 30
4113 39
4113 4
4113 27
4113 48
4113 32
4114 28
4114 33
4114 47
4114 19
4114 28
4114 5
4114 29
4117 10
4117 42
4117 14
4117 18
4117 12
4117 35
4117 7
4117 47
4117 42
4121 41
4121 11
4121 45
4121 4
4121 9
4121 5
4121 48
4122 3
4122 39
4122 4
4125 24
4125 30
4125 32
4125 38
4125 11
4125 35
4126 18
4126 41
4126 30
4126 45
4134 31
4134 16
4134 42
4134 14
4135 37
4135 39
4135 2
4135 15
4135 22
4142 30
4142 21
4142 32
4142 46
4142 15
4142 12
4142 32
4143 40
4143 38
4143 43
4143 38
4143 28
4143 32
4143 44
4143 44
4143 26
4145 4
4145 21
4145 37
4145 14
4145 4
4153 17
4153 35
4153 45
4153 41
4153 14
4153 46
4159 1
4159 19
4159 15
4159 32
4159 2
4159 2
4169 12
4169 14
4169 44
4169 6
4169 25
4169 5
4169 19
4169 42
4180 18
4180 32
4180 23
4193 17
4193 13
4193 41
4193 26
4193 48
4193 24
4193 1
4193 41
4193 45
4195 41
4195 46
4195 11
4195 31
4195 11
4195 7
4200 2
4200 43
4200 49
4200 9
4200 48
4213 22
4213 2
4213 21
4224 16
4224 3
4224 40
4224 29
4224 36
4224 31
4224 33
4225 45
4225 13
4225 11
4225 30
4225 37
4225 43
4225 19
4225 35
4225 36
4225 37
4229 4
4229 30
4229 27
4229 5
4229 29
4229 10
4233 21
4233 12
4233 29
4234 25
4234 27
4234 35
4234 29
4234 20
4234 1
4235 22
4235 24
4235 13
4235 31
4235 40
4235 11
4235 31
4235 29
4235 33
4235 31
4248 46
4248 29
4248 50
4248 7
4248 39
4248 50
4248 18
4248 4
4250 38
4250 12
4250 40
4261 28
4261 27
4261 25
4261 30
4261 36
4264 37
4264 12
4264 3
4264 28
4271 28
4271 13
4271 39
4271 21
4271 27
4271 43
4271 24
4276 34
4276 29
4276 23
4276 38
4277 37
4277 40
4277 24
4277 4
4278 28
4278 22
4280 5
4280 39
4280 34
4290 27
4290 6
4290 7
4290 38
4290 13
4290 41
4290 13
4290 39
4290 1
4291 37
4291 13
4291 4
4291 4
4291 43
4291 34
4291 2
4291 44
4291 29
4299 48
4299 21
4299 4
4310 42
4310 33
4310 42
4310 46
4310 18
4327 10
4327 41
4327 45
4327 26
4341 41
4341 35
4341 49
4341 46
4341 30
4341 16
4347 33
4347 32
4347 24
4360 2
4360 28
4360 37
4360 9
4360 18
4365 47
4365 4
4365 35
4365 33
4381 43
4381 20
4381 31
4384 49
4384 28
4384 17
4384 34
4384 26
4384 14
4384 43
4384 33
4385 4
4385 50
4385 21
4385 29
4385 30
4385 25
4387 29
4387 46
4387 32
4387 32
4387 19
4387 3
4387 36
4394 34
4394 37
4394 33
4395 35
4395 39
4396 2
4396 9
4396 19
4396 1
4397 12
4397 25
4397 21
4397 32
4397 10
4397 13
4397 12
4397 25
4399 25
4399 18
4399 48
4399 7
4399 14
4399 12
4405 42
4405 10
4405 29
4405 20
4405 20
4405 45
4405 6
4420 46
4420 14
4420 6
4436 13
4436 32
4436 12
4436 33
4441 27
4450 28
4450 45
4450 22
4450 41
4450 42
4450 9
4450 31
4450 21
4450 22
4450 34
4453 43
4453 15
4453 19
4453 16
4453 8
4453 50
4453 29
4453 2
4453 14
4453 21
4462 9
4462 41
4462 5
4463 14
4469 37
4469 42
4469 22
4469 28
4469 24
4469 47
4469 46
4469 24
4469 26
4469 13
4472 37
4472 6
4472 33
4473 26
4473 5
4473 8
4473 37
4475 21
4475 4
4475 27
4475 6
4475 4
4475 15
4475 28
4481 26
4481 2
4481 42
4481 20
4481 16
4481 26
4481 6
4481 32
4481 16
4482 34
4482 2
4482 8
4487 33
4487 14
4487 9
4487 35
4487 38
4487 30
4487 17
4487 24
4487 34
4487 1
4488 5
4488 49
4488 20
4495 42
4495 28
4495 3
4495 43
4495 24
4501 40
4501 43
4501 8
4501 8
4501 13
4501 19
4501 30
4501 48
4501 40
4501 46
4523 21
4523 1
4535 38
4535 20
4535 31
4535 16
4535 20
4535 28
4535 23
4535 29
4535 41
4535 10
4539 11
4539 40
4539 21
4547 17
4547 39
4547 43
4547 41
4547 32
4568 22
4568 10
4568 39
4569 13
4572 41
4572 31
4572 41
4572 12
4572 23
4572 7
4572 50
4572 31
4572 25
4572 49
4579 7
4579 40
4579 28
4579 10
4579 14
4579 20
4579 45
4579 8
4579 45
4579 25
4580 20
4580 9
4580 48
4580 11
4580 44
4580 37
4580 8
4585 21
4585 8
4585 4
4585 14
4585 6
4585 36
4585 22
4585 42
4585 29
4591 25
4591 49
4591 33
4591 29
4591 31
4591 13
4591 41
4595 23
4596 25
4606 19
4606 27
4606 13
4606 23
4606 4
4607 15
4607 21
4607 44
4607 31
4607 3
4607 20
4614 18
4614 29
4614 12
4614 43
4614 3
4614 23
4614 25
4614 27
4614 22
4621 46
4621 6
4621 29
4621 41
4621 10
4621 39
4621 17
4621 47
4621 44
4626 23
4626 3
4626 37
4626 18
4632 37
4632 31
4632 46
4632 45
4636 13
4636 17
4636 3
4636 16
4636 33
4636 16
4636 24
4636 8
4636 33
4638 44
4638 9
4638 16
4638 13
4638 17
4638 31
4649 13
4649 30
4655 30
4655 38
4655 48
4655 25
4655 24
4655 13
4655 17
4655 37
4658 14
4658 49
4658 44
4661 47
4661 33
4661 19
4661 18
4661 28
4661 1
4661 35
4661 19
4664 24
4664 34
4664 43
4664 33
4664 6
4675 37
4675 1
4675 20
4675 12
4675 2
4675 36
4675 12
4675 4
4675 39
4678 6
4678 44
4682 48
4682 25
4682 39
4682 15
4682 35
4682 27
4682 13
4682 19
4682 6
4682 26
4688 40
4688 8
4688 21
4688 21
4688 21
4688 11
4694 27
4694 41
4694 37
4694 13
4694 12
4694 39
4694 4
4696 23
4699 34
4699 2
4699 13
4699 32
4699 8
4708 36
4708 37
4708 2
4708 26
4708 28
4708 41
4715 11
4715 29
4719 14
4719 11
4719 48
4719 34
4719 2
4722 6
4722 7
4722 49
4722 33
4722 9
4722 46
4722 19
4722 19
4723 20
4727 33
4727 25
4727 36
4727 44
4727 29
4727 22
4727 47
4727 42
4727 14
4727 34
4730 28
4730 47
4730 27
4730 14
4730 26
4730 19
4730 41
4730 6
4730 35
4730 21
4732 2
4737 46
4737 33
4737 32
4737 32
4740 34
4740 12
4740 34
4740 31
4740 3
4740 48
4740 48
4744 15
4744 14
4744 2
4744 11
4744 18
4744 34
4755 35
4755 36
4755 9
4760 7
4760 49
4764 37
4768 48
4768 43
4781 23
4781 9
4781 40
4781 46
4783 32
4783 28
4783 16
4783 1
4783 42
4783 9
4783 9
4783 42
4783 39
4792 37
4792 11
4796 42
4796 6
4796 22
4796 23
4799 9
4799 34
4799 35
4799 25
4813 12
4813 38
4813 4
4813 5
4813 15
4813 32
4813 47
4813 26
4817 30
4817 5
4817 34
4817 14
4817 47
4817 42
4817 44
4818 42
4818 43
4818 14
4818 50
4819 4
4819 12
4819 7
4819 47
4819 19
4819 27
4819 38
4819 27
4819 25
4821 36
4821 18
4821 38
4821 3
4821 29
4821 28
4821 42
4822 21
4822 21
4822 32
4822 40
4822 31
4822 29
4822 26
4822 24
4824 10
4824 23
4824 25
4824 14
4824 40
4824 1
4824 6
4824 32
4824 23
4827 13
4827 13
4827 45
4828 35
4828 25
4828 7
4828 26
4828 50
4828 4
4828 17
4828 29
4830 11
4830 8
4830 10
4830 28
4836 4
4836 34
4836 30
4838 17
4838 6
4838 30
4838 29
4838 6
4838 27
4838 1
4843 21
4843 48
4843 48
4843 29
4843 15
4843 5
4843 1
4843 45
4846 35
4859 17
4862 8
4862 5
4862 24
4862 12
4862 43
4862 32
4862 30
4862 2
4862 9
4864 24
4868 29
4868 47
4868 26
4868 43
4868 38
4889 24
4889 9
4889 39
4899 34
4899 38
4900 31
4900 24
4900 3
4900 25
4900 12
4907 18
4907 28
4907 27
4907 3
4907 13
4907 45
4907 11
4912 10
4912 25
4912 39
4912 50
4912 33
4912 15
4912 37
4912 36
4912 5
4912 34
4919 40
4919 48
4919 50
4919 42
4919 49
4919 25
4927 32
4927 10
4927 43
4927 32
4927 48
4927 20
4927 35
4927 16
4931 24
4931 9
4931 18
4931 24
4931 30
4931 21
4931 41
4931 30
4931 14
4935 24
4935 21
4935 2
4938 42
4938 48
4938 5
4938 24
4938 18
4938 37
4938 4
4938 22
4939 33
4939 36
4939 12
4939 32
4939 29
4947 11
4953 30
4953 7
4953 5
4953 45
4953 42
4953 28
4953 21
4953 31
4953 48
4954 2
4954 21
4975 12
4975 22
4975 3
4975 20
4975 26
4975 24
4975 1
4975 19
4975 26
4975 10
4978 23
4978 7
4978 14
4978 14
4978 23
4978 7
4985 11
4985 4
4985 2
4985 16
4985 7
4985 9
4986 15
4986 15
4986 15
4986 12
4986 13
4986 8
4986 15
5000 1
5000 1
5000 1
5000 1
5000 1
5000 1
